0.10748462
0.00023782249
-0.016373055
0.0018895196
-0.0029440674
-0.015578617
-0.00032827174
-0.00018152787
0.006516753
0.6173228
0.14438193
0.1267485
0.01218512
-0.026539285
0.014589808
-0.13045509
-0.17077719
-0.11170243
0.028370315
-0.024355005
-0.0046605775
0.1182373
0.07152819
0.010915379
-0.0077708624
0.0060947016
0.00040911115
-0.017420718
-0.022387918
-0.018511618
-0.010114606
-0.0011437387
0.0076497104
0.017310068
0.0023701258
-0.006715905
-0.0010054742
-0.012574771
0.013575855
0.010692859
0.0038334604
0.0007947492
-0.0070919804
-0.013735735
0.021660756
-0.0074899876
64.14068
0.09975524
-0.00020103122
1.0902579e-06
0.10722296
0.8585271
0.12498069
-0.0041266363
0.1466976
-0.068733886
-0.23748915
0.068684146
0.05025907
0.0056521604
-0.16165657
-0.076649204
-0.23839395
0.06949601
-0.044632405
