0.07943669
0.085673824
0.024515258
0.14785257
0.14032803
0.42501393
0.0002241795
0.00022073362
0.49458107
0.12233215
0.017753605
0.03580689
0.099257626
0.07652577
0.0554122
0.037423797
0.017753348
0.03580738
0.099257894
0.076524094
0.055412695
0.03742462
0.82993597
0.64493513
1.6093206
3.1403599
1.6575336
1.6799737
0.8299396
0.6449372
1.6093125
3.1403546
1.6575412
1.6799746
0.015900798
0.036960486
0.10760542
0.09506292
0.07244136
0.03690311
0.015900828
0.03696045
0.10760514
0.095062405
0.07244099
0.036903575
1833.145
0.09844749
0.13125113
0.20237325
0.0038807832
0.05937
0.002218943
0.074732214
0.22340421
0.21402235
0.2008906
0.1659136
0.10739368
0.07473198
0.22340421
0.21402253
0.20089108
0.16591637
0.107393414
