0.084860735
0.031533822
-0.39808092
-0.2141452
-0.04373897
0.10887536
-0.14145015
-0.17941172
-0.28245068
-0.045065254
-0.052392773
-0.016328415
-0.0038864047
0.07231918
-0.25626814
-0.3920419
-0.24158585
-0.35230848
-0.14804654
0.07622444
-0.24633603
-0.10933353
-0.26727295
0.074750714
-0.33895075
-0.096666746
-0.0070728026
-0.100742005
0.11817835
-0.1826814
-0.17456451
0.0008534197
0.2071427
-0.17248546
-0.045137096
0.034431808
-0.022132605
-0.18917857
0.0373296
-0.17347312
-0.23310135
-0.273695
-0.17293254
-0.002336819
0.050091844
-0.01644202
0.070638515
-0.0075849667
0.050575037
-0.12509382
-0.11784842
-0.12486264
-0.22272518
-0.14134689
0.042276315
0.013421184
-0.043041512
-0.051479355
-0.25176674
0.014558683
-0.075301245
-0.115128495
-0.018203946
-0.22475667
-0.13668934
-0.13384904
-0.014219429
-0.007255884
-0.0152479885
-0.1654247
-0.191442
-0.28686777
-0.21254963
-0.3195009
-0.16297635
-0.03154126
-0.12232933
-0.16390885
-0.2203373
0.052640088
-0.064069375
0.15764993
-0.24635707
-0.05962598
-0.02227003
-0.23260999
-0.111683674
-0.057666395
-0.19386116
0.03508255
0.09992587
-0.17866433
-0.2769407
-0.2352109
-0.22086978
-0.1955632
-0.036319226
-0.21864066
0.114718385
-0.17020053
0.023289284
-0.22786027
0.080669396
-0.2251771
-0.41467583
0.18305431
-0.17130409
0.12495843
-0.117345914
-0.27727383
-0.19231151
-0.16446054
0.08175984
0.059505146
-0.061419025
-0.15023676
-0.18718325
-0.35933727
-0.05761921
-0.40571228
-0.5046309
-0.34036747
-0.043021597
0.13714688
-0.06456025
0.07690922
-0.11232405
-0.2473924
0.013901069
-0.24565783
-0.15862206
-0.21163136
-0.30169147
0.011322926
-0.09327801
-0.15543681
-0.21181409
-0.09813593
-0.25160882
-0.1706692
0.028184146
0.15073603
0.06962709
-0.06512986
-0.3023803
-0.42116207
0.010034773
-0.37599707
-0.21558356
-0.13693668
-0.5566023
-0.068092056
-0.092319615
-0.1667761
-0.23183608
0.01771994
-0.16092716
-0.1793116
-0.17502962
0.11816786
0.055511225
-0.23025735
-0.15295579
-0.071433835
-0.04607615
-0.34339508
-0.0183431
-0.25907645
0.12847815
-0.19710845
-0.31438845
-0.18472026
-0.0450471
0.0035652306
-0.04821838
-0.24687532
-0.12342248
-0.25304005
-0.16982079
-0.062866926
-0.34086755
-0.24680549
0.050035737
-0.20142883
-0.0387708
-0.16453643
0.025068298
-0.04491178
0.11762143
-0.113287166
0.023018576
-0.055442907
0.06023656
-0.049768765
-0.22245577
0.2022903
-0.08146962
-0.2426836
-0.41972706
0.118373215
-0.34152755
-0.28217375
0.05693677
-0.0472321
-0.30588177
0.04047476
-0.29512376
-0.21339396
0.12762372
-0.074631415
-0.1330352
-0.12329302
-0.18229339
-0.34984973
-0.057750143
-0.15241459
-0.15566215
0.14347759
-0.1428815
-0.14210747
-0.09363312
-0.06968748
-0.33402038
0.19397306
-0.07469722
-0.13541889
-0.26642606
-0.09861994
-0.27654475
-0.11871888
-0.113211356
-0.056492772
-0.32452855
-0.17671251
-0.06540137
-0.24565837
0.018745707
-0.26227078
-0.22505735
-0.15261324
-0.25063255
-0.07363874
0.081660524
-0.20251994
-0.04194603
-0.28651834
-0.16638766
0.03475131
-0.0019780842
-0.09255307
-0.25565702
0.12716065
0.09426344
-0.38330665
-0.30330628
0.052645
-0.36917603
-0.06688773
-0.1989876
0.045780804
-0.19128352
-0.021710172
0.24423708
-0.014712952
-0.002030386
-0.20917232
-0.1438435
-0.047673758
-0.15123568
-0.356118
-0.33064252
-0.15534148
-0.27178758
-0.22442348
-0.2525607
-0.020775318
-0.19202694
-0.23593089
-0.032186236
-0.18721472
0.0734137
-0.1282199
0.026938831
-0.004061986
-0.17987683
0.123241864
-0.107993506
-0.10562346
-0.30148855
-0.24762212
-0.108703665
-0.1915906
-0.21683922
-0.043046497
-0.20260961
-0.3254178
-0.08662409
-0.15579744
-0.089729
0.04309174
-0.015587302
-0.033412967
-0.15659605
-0.21796204
0.18368427
-0.15815745
-0.09033611
-0.078303
-0.06795987
-0.1877535
0.04840223
0.050836526
-0.25498796
-0.027104089
-0.0916462
-0.07264101
-0.17554906
0.08186714
0.0002638742
0.053629857
-0.2595538
-0.09924805
-0.15632117
0.11135221
-0.019296788
-0.36557847
-0.17214848
-0.23563607
-0.28657657
-0.09724944
-0.22723441
-0.08051498
-0.11581127
-0.13643344
0.12269232
-0.025711121
-0.10705283
-0.17866763
-0.1824735
-0.15299106
-0.2862181
-0.1698961
-0.04359052
0.15525164
0.026889896
-0.12840891
-0.21254931
-0.0821473
0.0813006
-0.038087543
-0.27831054
-0.08602273
0.11380271
0.05316163
-0.17907532
-0.3826297
-0.07642378
0.010051868
-0.0124694845
-0.06669816
-0.19336288
-0.24483243
-0.036528572
0.09511507
-0.045206793
-0.33193251
-0.018936632
-0.1883231
-0.31890932
-0.048953276
-0.1170446
-0.017658796
-0.2949656
0.12988137
-0.14422865
0.0068911244
0.04862399
-0.16425915
0.041830223
0.065073624
-0.2577057
-0.1689796
-0.03216624
-0.043794908
-0.09216957
-0.07241183
-0.17314504
-0.2581328
-0.041057743
0.01560382
0.13160436
-0.10290203
-0.36051425
-0.043385856
0.058439
0.1045254
-0.2944562
-0.116440415
0.00040590463
0.08318315
-0.022820324
-0.10418512
-0.11300024
-0.43557182
-0.2184734
-0.35371876
-0.067948714
-0.25978658
-0.08846101
-0.008780816
-0.025169851
-0.19238614
-0.2063309
-0.0510773
-0.10450368
-0.21740133
-0.0048889243
-0.05248886
-0.2262139
-0.07163558
-0.57697284
-0.2774189
-0.13409375
0.04150963
-0.073652215
-0.11524313
-0.18453132
-0.03663029
0.08759847
-0.45965305
0.08335347
-0.2030045
-0.088754855
-0.014249425
-0.065283224
-0.0075237406
-0.15603682
-0.07372849
-0.2144951
-0.082784384
0.027476953
0.052199773
-0.31650406
-0.16232544
0.082159616
-0.32874703
-0.16224974
-0.068620004
-0.14106135
-0.24089234
-0.22082505
-0.19711195
-0.20478828
-0.14476515
-0.17616381
-0.13047698
-0.03145887
-0.09266229
-0.098310225
-0.023205051
-0.014653507
-0.1548789
0.04112327
-0.073960245
-0.20135905
-0.006018705
-0.013626203
-0.13477452
-0.20001386
0.063399896
-0.37420803
-0.0021819922
0.09652956
-0.09173334
-0.110966
0.013881429
0.09933172
-0.19910435
-0.024267891
0.09079721
-0.31100285
0.040655486
-0.09060436
-0.024923403
-0.1958401
-0.006018801
-0.23939149
-0.05120341
0.25034747
-0.32496318
0.08657624
-0.17564093
-0.08467257
0.059134666
0.16533242
-0.26585674
0.029168345
-0.1129461
-0.052130397
0.037197523
-0.082993336
0.087979764
-0.11537691
0.021455938
-0.34460872
-0.29857022
-0.09729746
0.09977951
-0.2324706
-0.5593439
-0.24057911
-0.11370609
