0.31308377
0.15153936
0.10294256
-0.03174717
-0.10949677
0.18076833
-0.0067112213
0.020907661
-0.13413343
-0.03270787
-0.06950205
-0.03792178
-0.082358435
-0.13015662
-0.105770305
-0.035713848
-0.14368902
-0.20436901
-0.2161911
-0.1830759
-0.016903102
0.08817884
0.02891683
-0.0728602
0.017232986
0.16138458
0.06600778
-0.021220822
-0.024084087
-0.00011251853
-0.0417914
-0.025345271
-0.329753
-0.21866983
0.044038672
0.011861465
0.011309384
-0.020467471
0.0756288
-0.13638777
0.014679571
0.015860645
-0.15122625
-0.05942367
-0.12881322
0.059211925
-0.19094218
-0.007828537
-0.1829337
-0.16641915
0.09690248
0.10726158
0.020607853
-0.024654103
-0.031407714
-0.09720569
0.07721682
-0.18804695
0.027829796
0.054362677
0.13384369
-0.0038498794
-0.35001674
-0.12689063
0.05186921
-0.086961925
-0.007758179
0.14506769
-0.054688156
-0.009395692
-0.09395562
0.21072195
-0.004421849
0.034294702
-0.32303095
0.05884664
0.15119463
-0.03190668
-0.082551315
-0.072694704
0.004811292
-0.05601707
0.051367074
0.030010723
-0.032657534
-0.26177868
0.034482315
-0.007913813
-0.03333966
-0.05432543
-0.10623477
0.05044566
-0.031718865
-0.0946084
-0.36374626
-0.04741729
0.10387463
0.11579538
0.08475043
-0.04930553
0.06559413
-0.016609125
-0.0041928296
0.121308535
0.10528207
-0.4300585
0.08322612
-0.029885309
0.24111085
-0.025286077
-0.0019647342
0.10764085
-0.1401569
-0.062778294
-0.3178859
0.04959085
0.0013232544
-0.12551513
-0.035865624
0.1029967
0.17571321
0.15042673
-0.21277998
-0.15185887
-0.1726283
0.048303995
-0.16674288
0.00039901427
-0.14267439
0.05981693
0.0055486388
0.007018587
-0.047432903
0.020582022
0.14655294
-0.10620164
-0.04745465
0.10156219
-0.09933076
-0.05289336
0.0067497506
0.00065297616
-0.10169562
0.10608986
0.021127703
0.07125969
-0.14784046
-0.018363051
-0.013242369
-0.2133603
-0.265539
-0.0562267
-0.11034634
-0.22483227
-0.037047032
-0.26422763
-0.14969493
-0.11068802
-0.02312534
0.030893177
-0.07246965
-0.21537584
0.05355543
0.058655515
-0.09354894
-0.09431651
0.07987717
-0.002300079
0.014041905
0.17348753
-0.19458805
0.060654055
0.032826982
-0.19204833
0.0077561117
-0.19911544
-0.035264675
0.12804575
0.098543756
-0.15541415
-0.16591601
-0.023518037
0.04213955
-0.06594157
-0.048563726
-0.09191605
-0.0031981375
-0.12945756
0.030746793
0.13166694
-0.05323484
-0.027063185
-0.0923979
0.040000383
-0.0024469309
0.011735759
-0.20475417
-0.026819833
-0.0729943
-0.43783018
-0.11529317
-0.044254646
-0.055897962
0.06539298
-0.2961279
-0.016114106
-0.02257184
-0.058379754
-0.093217775
0.095834695
0.30569312
-0.022395384
-0.25125533
-0.0010521364
-0.033817064
0.04220387
-0.06955907
-0.020802818
0.0021213817
-0.07626148
-0.031641115
0.023033593
-0.06128807
0.096705005
0.019150138
0.15447389
0.02717517
-0.08122557
-0.024876704
-0.008939249
-0.16413721
-0.01625579
0.17596251
-0.21333306
0.062203526
0.069062606
-0.016510345
-0.12057567
-0.033124465
-0.034534257
-0.03240252
-0.07900761
-0.11082142
-0.039270546
-0.33346456
-0.020691952
-0.023125317
-0.04127084
-0.16670196
-0.08018095
0.081992105
-0.12027073
-0.009233214
0.122338615
0.08784709
0.10005526
0.070894085
0.083019815
-0.24535024
-0.054986704
-0.05999329
0.051298894
-0.15373294
-0.071974754
0.065794885
0.18270144
0.06989161
0.16695358
0.13292469
-0.018217782
0.035954542
-0.118222594
0.07524678
-0.02024474
-0.027782481
0.088368565
0.054261714
0.13305113
0.12237744
-0.17540942
-0.053735383
-0.26121587
0.14508109
0.018753802
0.03860367
-0.11756767
-0.07134888
-0.011768707
0.069619074
0.06889367
-0.013550168
-0.27837384
0.025473727
0.008099203
0.14387928
0.084551714
-0.024737017
0.05451283
-0.24360058
-0.13357432
-0.009219571
-0.07344171
0.115820475
-0.012427547
0.14181215
0.08276476
0.009511419
0.037191585
-0.15716405
-0.08559646
0.08600524
-0.0607182
-0.027189026
-0.14594537
0.078331746
-0.01695937
-0.06864328
0.1145076
-0.014280801
0.05633966
0.08047703
-0.12350731
0.05041533
-0.015609709
0.039042633
0.02620873
-0.07294031
-0.09955726
-0.018245341
-0.08861231
-0.10164752
0.2068266
-0.010192172
0.15641864
0.075023994
0.04484804
-0.1283652
-0.1738576
0.12547512
-0.011767688
-0.052259002
-0.00880803
0.04491823
-0.020904334
-0.16917548
-0.044708665
0.024960201
0.29215994
-0.14196584
-0.016784681
0.114188604
-0.0020525535
-0.0058526746
-0.0044573667
-0.05116963
-0.1017039
-0.12584811
-0.05316724
0.0035915438
-0.08293565
0.12930807
0.13357021
0.00010438138
-0.056843415
0.07733425
0.014440617
-0.055411365
0.08032123
-0.31521326
0.14588669
-0.096996866
-0.094723545
-0.088946074
0.11480618
-0.17167239
0.08674171
0.021964343
-0.017823702
-0.03407388
0.031620312
-0.13997525
-0.003882772
-0.22852649
-0.016980361
0.028294133
-0.015838878
0.059980184
-0.41731742
-0.0753128
-0.14293173
-0.08205005
-0.09919236
-0.048637457
0.05473343
0.0077738957
-0.004569416
-0.008890963
-0.15188135
0.0031571838
0.22300375
0.030214358
-0.01670327
-0.1264695
-0.052632228
-0.16887036
-0.025080537
-0.041997813
-0.041312758
-0.029445626
-0.24034588
-0.05739209
-0.03086957
-0.25325626
-0.06507752
-0.08514436
-0.26259446
-0.012106192
0.045499317
0.086185604
-0.3612407
0.119790085
-0.084893644
0.082656406
-0.20578806
-0.16376998
-0.07681498
0.0675409
0.0142968455
-0.03200697
-0.05911814
0.045249067
0.10820044
-0.033080317
-0.05462016
-0.07158323
-0.036181543
-0.032068912
-0.014730596
-0.15925314
0.02558631
0.03519166
0.02306991
-0.0770516
-0.15077633
-0.378493
-0.07623224
0.0073811617
0.04496561
-0.005090518
-0.13386141
-0.04356388
-0.06909719
-0.019876797
0.079950176
0.15414377
0.14310195
0.029031683
-0.27607164
-0.12988093
0.00085400767
-0.0077027464
0.0032830709
0.30544984
0.0020560734
-0.007349643
0.014019265
-0.0955183
0.015426428
0.014501078
0.04442942
-0.00209316
0.08060195
0.016665146
0.12479445
-0.080229156
-0.065976
0.005502056
-0.05975657
-0.077552795
-0.018640853
-0.03553739
-0.011918201
-0.08218376
0.05278462
-0.07434616
-0.23357493
0.051260915
0.034988403
-0.09418597
0.025758723
-0.08085343
-0.024535887
-0.064660616
0.009858497
-0.057208616
-0.09549717
0.015397503
-0.20163767
0.17841111
-0.4613231
-0.06984222
0.026208017
-0.3227837
0.103554286
-0.010625419
0.011491328
-0.043996017
-0.020593476
0.035169985
-0.040847074
-0.041623734
0.029610205
