-0.20774016
-0.023951344
-0.034806356
-0.071902126
-0.058637187
-0.15203825
-0.035522934
-0.12015989
-0.046276107
-0.037233677
-0.03749436
-0.10532098
-0.056693062
-0.07216836
0.036933385
-0.0782532
-0.08396637
-0.013820176
-0.07476667
-0.04494343
-0.116138816
-0.15342441
-0.062108953
-0.04500189
-0.44018313
0.0019330153
-0.19509703
0.020729933
-0.053720936
-0.06278684
-0.038631834
-0.16367014
-0.21449889
-0.010269653
-0.01210193
-0.034927018
0.016818605
0.037031256
-0.03468629
-0.030762156
-0.08494473
-0.017883677
-0.118055366
-0.14396034
-0.050888572
-0.0788119
-0.033342976
-0.042572282
-0.031888653
-0.11097739
-0.045509648
0.019420551
-0.095437504
-0.06417952
-0.17318252
0.016488098
-0.1795265
-0.0781894
0.014907618
-0.07414781
-0.14883825
-0.105175175
-0.017648082
-0.059102926
-0.101461865
-0.04179035
-0.31653026
-0.048551075
-0.03962774
-0.10561124
-0.26295444
-0.48511958
-0.08277091
-0.17288888
-0.11001786
0.13796018
0.027034005
0.056667194
0.12405899
-0.105613604
-0.10069364
-0.054668125
-0.10262742
-0.046123397
-0.061402988
-0.08593783
-0.107229024
-0.1838907
0.042799015
-0.013658996
-0.040364277
-0.13974757
-0.163734
-0.02107803
0.026536223
-0.07681603
-0.0144058475
-0.20323177
-0.22776087
-0.024038728
-0.06810134
0.023791766
-0.12601478
0.00086195755
-0.057856325
-0.04091318
-0.00980901
0.013976183
-0.059953887
-0.044116758
-0.08414452
-0.035209633
-0.010770891
0.0006424756
-0.04491863
0.014147399
-0.054215167
-0.023554709
-0.085291065
-0.02689519
-0.06781905
-0.048354667
-0.097379476
0.038903225
-0.09894496
-0.08699907
-0.10472446
-0.04041094
0.02763077
-0.036223948
-0.082756996
-0.23656091
-0.09372028
-0.42697683
0.07959876
-0.11800354
-0.23550859
-0.088632755
-0.07990988
-0.033475634
-0.18956633
-0.15200618
-0.1050123
-0.14110515
0.016055899
-0.044247083
-0.3001133
-0.02146764
-0.10256967
-0.042396076
-0.044247378
-0.17320919
-0.21102025
0.048700813
-0.16815324
-0.010303094
-0.04578421
-0.15341245
-0.11472477
0.057117116
-0.07794271
-0.11126685
-0.024673797
-0.18587236
-0.038337898
-0.070757434
-0.18425278
-0.034372028
-0.46223372
-0.027156811
-0.024750806
0.022088194
-0.026485518
-0.04486481
-0.07828423
-0.05904185
-0.11620666
0.04037263
-0.0016583919
-0.15014672
-0.119421534
0.042690326
-0.050946347
-0.08740748
-0.12196667
-0.05452747
-0.020515312
-0.012799457
0.07508583
-0.08451049
-0.14751573
0.021667033
-0.037523974
-0.051001392
-0.12190206
0.0032935946
-0.23184097
0.014567201
-0.114554845
-0.17427954
-0.036377694
-0.20661396
0.23506606
-0.15357053
-0.08684968
-0.030048043
0.07331311
-0.00049987546
-0.053599663
0.00951658
-0.046787374
-0.01313005
-0.007160427
-0.13261834
-0.060886595
-0.049337704
-0.01111973
0.017514152
-0.017544113
-0.103787325
-0.07040001
-0.15977885
-0.06624337
0.008169029
-0.028114589
-0.13045321
-0.10170992
-0.021309832
-0.047060713
-0.16869912
-0.024949491
-0.06217429
-0.051907014
-0.08689692
-0.043894283
-0.081064224
-0.086669
-0.16257632
-0.046808206
-0.014053624
-0.06385175
-0.07926906
-0.17405358
-0.047978416
-0.12909481
-0.14097805
-0.0019827923
-0.019381534
-0.16250452
-0.020827943
-0.014575498
-0.077607036
-0.05480256
-0.033445437
-0.03573966
-0.010806868
-0.07451214
0.0015393307
-0.053426657
-0.043158453
-0.14127214
0.050272867
-0.014016324
-0.16798328
-0.088186085
-0.11142154
-0.027596984
-0.019981897
-0.40820014
-0.19749944
-0.03715467
-0.08424403
-0.07844488
0.036887996
-0.15763542
-0.19616237
-0.14036877
-0.11602064
-0.041169416
-0.05867625
-0.14463542
-0.018539662
-0.22232881
-0.07702043
-0.196563
-0.06367448
-0.15877776
-0.21179646
-0.19403209
0.012980185
-0.10623813
-0.18328182
-0.03983564
-0.009308675
-0.14337252
-0.24658996
-0.12043362
0.0040506246
0.012852347
-0.15723334
-0.0048858067
-0.059036896
-0.07713131
0.020553026
-0.06312331
-0.14653824
0.13293143
0.038525984
-0.03715073
-0.072865754
0.03170517
-0.029083952
-0.09944682
-0.19421035
-0.021772187
-0.10338187
0.007340662
-0.25565466
-0.30379516
0.046644192
-0.04396368
-0.13252357
-0.13379154
-0.0025564076
0.024261216
0.040996674
-0.0310888
-0.105601825
0.07246347
-0.0207011
0.0010404536
0.008009386
-0.052836407
0.16788544
-0.093338236
0.034510233
-0.004570134
-0.26734734
-0.14830838
-0.169452
-0.110131785
-0.06925504
-0.11048201
0.015732806
-0.090423904
-0.08102273
0.017850986
-0.18222369
-0.010492874
0.01159203
-0.08045996
-0.03508405
-0.0391452
-0.15451162
-0.1641189
-0.21138763
0.0031905065
-0.09235135
-0.057137243
0.016705887
-0.057923615
-0.10680509
0.06878449
-0.0830261
-0.0068332967
0.070071705
-0.07022353
-0.023847831
-0.20159732
-0.004889794
0.008741296
0.033077586
-0.07782216
-0.06202432
-0.04340588
0.15612736
-0.18492359
-0.04072303
-0.011064326
0.006615702
-0.18419601
-0.02917462
-0.094397664
-0.18382263
-0.0028627242
-0.10299143
0.078989066
-0.013374107
-0.17682827
-0.021474428
-0.1539968
-0.03904657
-0.11885135
-0.19189616
-0.028280895
0.024574658
-0.14102246
-0.14741877
-0.06480837
-0.059961434
0.05661698
-0.15837161
-0.033867992
-0.16957277
-0.1790535
-0.08333241
-0.17364834
-0.036027975
-0.13004689
0.0028278807
0.0033084156
-0.4849097
0.027664576
-0.002027753
-0.07551722
-0.1403331
-0.19720753
0.018610097
-0.24401876
-0.13945474
-0.040763635
-0.068974614
-0.12014625
-0.070728384
-0.062417615
-0.11736459
-0.044428132
-0.060475647
-0.032969613
-0.032106753
-0.18481188
-0.039865717
-0.023688264
0.021351049
-0.078081824
-0.08206244
-0.18024783
-0.005376719
-0.09616603
-0.10060308
0.026168171
-0.12497147
-0.045700457
0.025644349
-0.06464394
-0.031649277
-0.17392443
-0.02745789
0.06394383
-0.07279465
0.002573291
-0.17846924
-0.023197778
-0.09859514
-0.18330635
-0.37518594
-0.03545398
-0.27322543
-0.07544873
-0.06554419
-0.52929145
-0.11150516
-0.10278305
-0.038118254
0.1094012
-0.09235829
-0.07037837
-0.2188616
0.020456083
-0.25178832
0.0050929617
-0.09712417
-0.06614342
-0.09883493
-0.024977531
-0.0443069
0.050703116
-0.043844465
-0.29266864
-0.18803789
-0.07439085
-0.08719272
-0.008959473
-0.05794696
0.06568124
-0.20317797
-0.10709214
-0.007074776
-0.0360977
-0.069851145
-0.5467144
-0.04947237
-0.039281487
-0.10609439
-0.057838056
-0.09175502
-0.05569034
-0.018371329
0.005660923
0.08687222
-0.11511479
-0.002395505
-0.057523716
0.09551828
-0.118397236
0.0028430833
-0.046266604
-0.10412016
-0.06473211
-0.04665939
-0.010547769
0.042691205
