0.31036466
0.39496666
0.48226902
-0.12820432
-0.29413155
-0.25527084
0.28478962
-0.21886826
-0.011673557
0.049388427
0.11864807
0.3020969
-0.13757166
0.2151315
0.13174972
0.016730214
-0.26075348
0.15613113
-0.07231464
0.31231493
-0.12330734
0.20577864
0.3101503
0.51170725
0.1909346
0.22141688
-0.19866802
0.043794576
0.4610367
0.38181382
-0.1740776
0.2650355
-0.25791618
0.09034633
0.39668408
0.19293034
-0.27699313
0.25740117
0.037628423
-0.3615009
0.14724214
0.103451826
0.21148592
-0.06483597
-0.20215014
0.07475107
0.26651007
-0.045134813
0.27683502
0.2552927
0.20146456
0.32859352
0.23638083
0.034914788
-0.2756832
0.22848335
0.16369578
0.30585793
0.2460678
0.21363713
0.43092248
-0.18920231
-0.23544322
-0.21153687
-0.25164706
-0.0076536224
0.12631367
0.27575403
0.23351109
-0.09031529
0.14156614
0.22654502
0.3940047
-0.23161466
-0.054817572
0.16111338
0.036254656
0.00064041896
0.42276233
-0.29354486
-0.07659086
0.24115638
-0.19098035
-0.067262895
-0.14129765
0.5015911
-0.060848072
0.46547425
-0.100884505
0.49922502
-0.3118298
0.13152428
0.023606041
0.18962006
0.3827511
0.053960428
-0.112177216
0.20565437
0.36304903
0.33627456
0.21377714
-0.16936754
-0.39737487
-0.34421977
0.07743656
-0.06050045
0.10497038
-0.029377999
0.26026663
-0.3330206
0.33835647
0.11876247
-0.11080485
0.07764984
-0.046019305
0.20789555
0.16338228
-0.2575582
0.32882577
-0.11015751
-0.1511193
-0.003909907
-0.100391954
-0.22181039
0.10438155
-0.015554063
0.28235182
0.051141087
0.11769666
0.2994901
-0.15453082
0.30832297
0.018936364
-0.072499305
-0.1710151
-0.09098466
0.20513223
0.006971301
0.05240034
0.13240871
0.032603826
0.1867593
0.41649014
-0.21753657
0.1897471
0.021438314
-0.26266888
0.28432968
-0.23101997
0.08295302
0.16799305
-0.16523726
0.10380061
-0.27197695
0.464951
-0.0787867
-0.20101844
0.07557314
-0.42887715
-0.4589143
-0.14849122
-0.2505795
0.47027445
0.4286059
-0.022862144
0.2415378
0.22507423
-0.306207
0.09572176
-0.107619226
-0.119151
-0.2129292
0.061416484
-0.42067006
-0.15843703
0.17124492
-0.23776583
-0.19161566
0.4493886
-0.18429783
-0.44406512
-0.06803214
-0.321336
0.08928198
0.22394666
-0.23527503
-0.1526745
0.24624537
0.12250368
-0.24100904
0.11281666
0.19559878
0.19772413
0.12950198
-0.14120576
0.3075336
-0.06537206
0.10072611
0.25887194
0.2653505
-0.05760057
-0.08780971
7.3293194e-07
0.106902845
-0.031447366
0.28331706
0.25757304
-0.012580678
0.2626448
0.24799003
-0.1677984
0.36953908
-0.30650327
-0.030794559
0.31616867
0.2941154
0.41587782
0.32412678
-0.0018979551
0.027950786
-0.33183554
0.3310645
-0.25438696
-0.23697844
-0.27570444
0.3339339
0.4146521
-0.2772531
-0.36585647
0.35247448
-0.25043663
-0.3331193
-0.20607376
0.24112058
0.34990665
0.24020778
0.11737054
-0.37545595
-0.017373128
0.32209328
-0.0050256294
-0.28312972
-0.04293768
-0.23513038
-0.1150692
-0.23359868
0.07522496
0.10935668
-0.08016768
-0.25287485
-0.12576428
0.6062489
0.1910804
-0.198726
-0.042070396
0.15287143
0.29367533
0.17746122
-0.038526297
0.053249177
-0.2700706
-0.28345993
0.12330564
0.29560405
0.35099483
-0.27724242
-0.17337717
-0.17937578
0.3875689
0.2058955
0.27879867
0.3125437
0.17347524
0.2806253
0.5508413
-0.26949507
0.14090617
0.40105364
-0.23247825
0.2662098
0.09750705
0.46717465
0.2743266
0.3127653
0.1795101
-0.3131311
-0.08482886
-0.2225138
0.19211444
0.14784509
-0.0034219127
-0.17965072
0.035130598
0.28276655
-0.14240251
-0.12510012
0.058553625
-0.056077484
0.19843377
0.30657497
-0.16579686
-0.050686717
-0.01515184
-0.17735802
-0.044165827
-0.05250038
0.28134584
0.12552972
0.34207287
0.06568667
0.13931538
-0.32065406
0.018757071
-0.16514885
-0.17031473
-0.049416184
0.4048073
0.34792042
-0.26007065
-0.010519491
0.23674677
-0.23467268
0.22945024
0.18366605
0.20962626
-0.27630317
-0.1427889
0.08845877
0.16456975
0.17388389
0.45187676
-0.096875116
0.19131112
0.2762331
0.3413509
0.16191807
0.00783349
-0.036854878
-0.3582793
0.20501451
-0.11397821
0.040472582
0.2860709
-0.6324425
-0.25442442
-0.3586911
0.10694824
-0.12785532
-0.1020435
0.00024731687
0.18791348
-0.24636768
0.30346313
0.31268844
-0.09707194
0.45366696
0.0035081825
0.38764304
0.2929138
0.076074
0.23187822
0.12332429
0.22623424
0.19690974
0.29672393
0.12100528
0.48189512
0.20259555
0.4404057
0.30585927
-0.05555123
-0.289438
-0.21490876
-0.21216115
0.32083428
0.38125503
0.20016763
0.18076172
0.20958263
-0.25244313
0.025214896
-0.17533259
0.51929665
0.21311212
0.33600166
-0.18620323
0.13427976
0.12010872
-0.15596166
0.40596476
0.23809835
0.060825817
0.30302018
-0.18081176
0.26005653
-0.33465526
-0.1991315
-0.23364225
-0.011950124
-0.124801576
0.050222576
0.41430438
-0.4745739
-0.33394337
-0.13909006
0.29140195
0.057133473
-0.36364222
0.219331
-0.13791086
0.020432495
0.21476313
-0.07939235
-0.29803494
0.14090718
-0.16963637
-0.25931755
0.095042616
0.18352522
-0.23059247
0.19671732
0.063718475
0.13710642
-0.08666571
-0.0744672
0.075861655
0.26064515
0.16054204
-0.25135857
-0.1904186
0.2399809
0.31829676
0.16390245
0.013402158
-0.12700057
-0.11171043
0.4830595
0.5096315
0.15709119
0.07842802
-0.27818698
-0.15309347
0.23396665
-0.21216401
0.19540189
0.13679253
0.27667838
-0.008232434
-0.16716519
-0.2958805
-0.18364748
0.32283244
-0.4296485
-0.2712772
0.23113163
0.26411605
-0.3068559
-0.14180158
-0.17592493
-0.2739835
-0.17008878
-0.19539392
-0.1135675
0.3716001
-0.27107644
0.39761263
0.107250944
-0.10514132
0.28339612
-0.091580816
-0.1571998
0.3290258
0.023426684
-0.2737932
0.074627474
0.28460452
-0.32555944
0.19174401
0.1933367
-0.31607452
0.4266844
0.29054093
-0.2733949
0.26087674
0.311078
0.18580353
0.33809927
0.19112791
0.21262817
0.025085142
0.036199275
-0.052031167
-0.23787437
0.05246789
0.06713314
0.16233797
-0.2196161
0.23530456
0.13725688
0.0060122674
-0.22913788
0.14514826
-0.28831318
-0.13206646
-0.01794646
0.21402793
-0.19106773
-0.005002135
-0.026957579
-0.16239898
-0.24153508
0.38234943
