-0.43758637
-0.6997772
0.031367924
-0.53745085
-0.026435671
-0.08824176
0.22786272
-0.08935449
-0.5168685
-0.14781016
-0.076105535
-0.72929937
-0.8195073
-0.69818395
-0.34615394
-0.10485445
-0.6386893
-0.4281353
-0.107310645
-0.3943308
-0.37161636
-0.43841797
-0.55897474
-0.43714568
-0.18714435
0.14679933
-0.04731199
-0.30282232
-0.49300474
-0.2135331
-0.20701814
-0.040215895
0.096047945
-0.26421407
-0.045838337
-0.3563624
-0.2919325
0.49580565
-0.24151689
-0.11997188
-0.37130812
-0.063720286
-0.16120869
-0.5395265
-0.26744056
-0.7095125
-0.11870336
-0.15200904
-0.18764387
-0.17990899
-0.04832299
-0.16492152
-0.5886833
-0.1357474
0.013345695
-0.1256071
-0.05930598
-0.412199
-0.28156322
-0.63037604
-0.47639436
-0.33697268
-0.06359301
-0.32438564
-0.11760444
-0.5782658
-0.25273323
-0.44605765
-0.5782066
0.13269335
-0.45304585
0.2332508
-0.16573223
-0.43238178
-0.2578297
-0.2936894
0.07651194
-0.19071776
-0.1494728
-0.17669334
-0.45797995
0.19277038
-0.4907308
0.17156641
-0.19621256
-0.013950542
-0.5753023
-0.2586666
-0.18259044
-0.83168685
-0.055544898
-0.19864768
-0.20352021
-0.27336988
-0.10506469
-0.31129095
-0.5166255
0.17725363
-0.36693376
-0.748406
-0.16653499
-0.47451973
-0.6408626
-0.40900484
-0.4087095
0.20110157
-0.39446214
0.12751877
-0.2561841
-0.625119
-0.67280126
-0.62757653
0.017383372
-0.1895027
-0.27764407
-0.21538886
-0.4261567
0.2870376
0.16463508
-0.18561652
-0.51529974
-0.1767993
0.07428503
0.03257503
-0.6898389
-0.22603707
-0.5754473
-0.57062745
-0.15421315
-0.3633381
0.060967542
-0.6144512
-0.22882012
-0.61908704
-0.6402814
-0.12022403
-0.26866886
-0.5194834
-0.2384226
-0.27115482
-0.17665654
-0.24041301
-0.4201754
-0.2067554
-0.47361502
-0.52535635
0.103235886
-0.5479905
-0.17101283
-0.4352897
-0.44785917
-0.11888001
0.13140771
-0.45157334
-0.2939675
0.17790212
-0.24727905
-0.4192746
-0.6168175
0.09539642
-0.13601221
0.17511669
-0.44805917
-0.5299627
-0.23886515
-0.453537
-0.32083794
-0.26937205
-0.08837386
-0.6146178
-0.37874436
-0.13329932
-0.32696083
0.09536502
-0.32390782
-0.75095767
-0.22472818
-0.38214135
-0.30397058
-0.14136915
0.100672536
-0.4826093
-0.5170432
-0.37064078
-0.30540544
0.001221765
-0.49470994
-0.095760934
0.25366744
-0.5142579
-0.21461594
-1.0884094
-0.4226378
-0.64208245
-0.0878008
0.3030253
-0.33337954
-0.21215431
-0.060168277
-0.23093198
-0.4478205
-0.50692403
-0.08479369
0.10788026
-0.53739667
-0.050035093
-0.55550325
-0.3895775
0.031743422
-0.16425085
0.029009547
-0.64624304
-0.33845502
-0.30039966
0.049257606
-0.213406
-0.49853945
-0.66743696
-0.44798142
-0.35128537
0.18448536
-0.37070245
-0.68317795
-0.33008763
0.08170333
-0.08155455
-0.09362297
-0.6682422
-0.58743125
-0.22157292
0.02407274
-0.39509797
0.040785994
-0.14343011
-0.8281439
-0.50487685
0.009456965
-0.29447556
-0.042622276
-0.8400564
-0.16208598
0.07102522
-0.53930813
-0.08511132
-0.34668508
-0.35558826
-0.34540707
-0.10334032
-0.54482764
-0.18864046
-0.3318203
-0.4724324
-0.27800855
-0.570893
-0.44844848
0.069761686
-0.74706703
-0.15424456
-0.78730536
-0.41214412
-0.51305544
-0.3745327
-0.17241299
0.21620715
-0.5500458
-0.17583308
-0.0440204
-0.17859834
-0.27858442
-0.41264758
-0.48943698
-0.20202987
-0.5033518
0.30744198
-0.2130157
0.2262398
-0.18715698
0.41420412
-0.4769712
-0.14776321
-0.033125754
-0.5062018
-0.37744987
-0.22699095
-0.29337516
0.122805476
0.061999284
-0.74170303
-0.17848885
0.2370475
-0.26020122
0.01646967
-0.19151427
-0.12078529
-0.21273094
0.24438132
0.020322248
-0.15829335
-0.04286266
-0.20585068
0.19260387
-0.09315681
-0.55485326
-0.2953538
-0.14014445
-0.18296635
0.2149132
-0.26539615
-0.09445899
-0.13134877
0.09718593
-0.26677436
-0.3908753
0.39621317
-0.31226933
-0.3098189
-0.036476064
-0.34859732
-0.5036453
-0.14093922
-0.30662787
0.032550175
-0.22703747
0.090292335
-0.31629565
-0.04725528
-0.27979574
-0.34300286
-0.5915173
0.033907548
-0.29251286
-0.37346283
-0.39367303
0.27825907
-0.44804722
-0.24703182
-0.1834259
0.3368558
-0.66920775
-0.32898867
0.019332413
-0.5909375
0.30831864
-0.46898115
-0.05123751
-0.11149385
-0.30322108
-0.71415716
-0.3122813
-0.46512583
-0.24443473
-0.22410679
-0.023383018
0.22716689
-0.2285609
0.30975977
-0.32657474
-0.49896374
-0.599542
-0.32580036
0.33494717
-0.20106392
0.016517386
-0.21829474
-0.27400002
-0.6940593
-0.13000242
-0.12882113
-0.209697
-0.4014396
-0.20526476
-0.062834725
-0.07496572
-0.4266664
0.15089719
-0.09859672
-0.06616712
-0.18150663
-0.048699513
-0.6030782
-0.02763592
0.019714171
-0.091084
-0.23801978
-0.27200088
-0.17705365
0.031904545
-0.2752771
-0.32501292
-0.36805263
0.14164683
-0.38825643
-0.22190662
0.08211434
-0.11104267
-0.2973181
-0.19127934
-0.6620498
-0.24557926
0.1991491
-0.24064241
-0.12529449
-0.25030854
-0.31396022
-0.06595741
-0.33417615
0.11436244
0.5459379
-0.4853211
-0.14414647
-0.48772025
-0.044924986
-0.45050666
-0.14600885
-0.31351987
-0.49362683
-0.071281485
-0.36878815
-0.3880473
-0.38182023
-0.43954444
-0.37139833
-0.5588987
0.20192103
-0.15228803
-0.06775388
-0.11072764
-0.3302988
-0.5639884
-0.2605062
-0.3712691
-0.6390766
0.6245971
-0.1624058
-0.36123857
-0.49394587
-0.4234007
-0.36686584
0.084540606
-0.49918243
-0.36044782
-0.10265245
-0.26753184
-0.6162598
-0.20872949
-0.12673457
-0.5881553
-0.15133676
-0.2613025
-0.00509742
0.12568478
-0.11319009
-0.38131714
-0.522079
0.006708474
-0.59892225
-0.10274291
0.30402255
0.112043135
0.020458663
-0.7489917
-0.35232338
-0.21337947
-0.6339784
-0.48233584
-0.25794345
0.19914751
-0.4547831
-0.26984134
-0.0873416
-0.51978105
0.053009514
-0.14927885
-0.1705571
-0.19926326
-0.15273063
-0.13859837
-0.35592616
-0.08868427
-0.1685022
0.2135605
0.162712
-0.28042
-0.22321664
0.31399217
0.021647254
-0.24356872
-0.24179775
-0.35412434
-0.6123475
-0.38554835
-0.051320877
0.10785194
-0.2337188
-0.40617463
-0.8162551
-0.49017137
-0.06348795
-0.316891
-0.42830822
-0.47885516
-0.4325698
-0.40744635
-0.41065878
-0.11921511
0.037795406
-0.38460746
0.020991815
-0.12632976
-0.8350093
0.29262802
0.09099598
