0.0867541
0.009890121
0.016111588
0.16592254
0.20914134
0.15907738
0.007146021
0.0018883779
0.002044941
0.0767642
2.2109544e-13
0.0007732243
0.0020667543
0.005876247
0.023463601
0.036307596
0.017569538
0.0066872356
0.0017561883
0.0051307683
0.022228874
0.03943479
0.017130706
0.004624723
0.29856902
0.4822073
2.149102
5.748837
2.214107
0.7064143
0.2914115
0.46623713
2.2632878
6.1067066
2.1341255
0.6481833
0.13828516
0.3642817
0.44133362
0.3316262
0.376924
0.19099481
0.13861221
0.34586155
0.39448288
0.38536805
0.31319132
0.18152359
