0.37470314
0.0018554445
0.005159791
0.00031878563
0.024032854
0.0027946823
0.016336115
0.0010062747
-0.99444276
0.452852
0.0
-0.0017718585
-0.003936387
0.030473774
-0.01796716
0.045413274
-0.035414036
-0.022423679
0.00046007958
-0.03404384
-0.020574367
0.04957816
-0.026887007
0.024766877
-0.00084559247
0.0025161975
-0.0028164121
-0.0077885925
0.002618938
-0.008138494
-0.0025679881
-0.0028378605
0.004001649
-0.011538942
0.002875615
0.00398847
-0.014636962
0.16882429
-0.104067914
-0.22293532
-0.07406641
0.15487058
0.015707096
-0.17528115
0.0106548425
-0.11228588
0.048656605
-0.1706542
