-0.04851656
0.033336554
-0.023262436
0.016661294
-0.00566744
0.05025612
0.018404903
-0.00663027
0.016807236
0.0035242385
0.021033708
-0.00531822
0.0109555675
-0.020403204
0.05647925
-0.022777446
0.030632677
0.046637516
-0.0031013899
0.019619124
-0.04766395
0.009224778
-0.047306143
-0.03720969
0.026601959
0.020150056
-0.00061274075
-0.010297376
-0.011634781
-0.020017585
-0.002065521
0.024047958
-0.020806657
0.029222399
0.003413623
-0.045051195
0.023338713
0.011472357
0.016560478
0.003073145
0.012831534
-0.03291837
0.04967757
-0.03606378
-0.046603452
0.0052101454
0.027753016
0.0008450378
0.016445633
0.027509674
0.036191773
0.04029815
0.02086593
0.0019989181
0.005766779
-0.0137321865
-0.005315501
0.00063226686
0.030285627
0.0089091705
-0.029606026
0.0066380235
0.032286536
-0.0068387804
-0.011943438
-0.018588474
-0.031715237
-0.021505008
0.013055705
0.0048483415
0.03920358
0.01396668
0.0030456088
0.0204207
-0.02537453
-0.026372422
-0.045510255
-0.034489125
-0.011689102
-0.014566478
-0.008267042
-0.016078537
0.008006577
-0.008482753
0.0012973202
0.011082358
0.023609517
-0.00045040142
0.0448276
0.03213004
0.024171209
0.0070175882
0.05386381
0.0051786923
0.028864168
0.0048630587
-0.013303709
-0.041577257
0.003760849
0.011485492
0.023657326
0.03354123
0.02679737
-0.0055786236
0.039527826
0.019976167
0.010954662
0.0023901588
-0.02289897
0.046393458
0.033614393
-0.011808683
-0.008854742
0.005809457
0.022362737
0.06785255
0.008452305
0.0018826617
-0.029040255
0.016220074
0.0062251487
0.01980157
0.050577443
0.01053562
-0.00426484
0.01435767
0.012872194
-0.03882413
0.052514303
0.047545936
-0.0280692
-0.048910663
0.0132115735
-0.04736893
0.026533231
-0.010047192
-0.006816239
-0.03961703
0.010251862
0.014684794
-0.009447746
-0.024747584
-0.039104793
-0.02464309
-0.05224913
-0.0007329052
0.023523817
-0.028555555
-0.0023531558
-0.045087785
-0.012750947
-0.004812005
-0.009682329
0.013767963
-0.010364245
0.0109495595
-0.014552537
0.023559732
0.023585387
-0.019890768
-0.048140302
0.038858145
-0.022282187
0.009081351
0.029883282
0.0031993943
-0.023437046
0.035063107
-0.041195963
0.02239458
0.008776737
-0.014652268
0.014330924
-0.03658623
-0.0005588342
-0.018224359
0.043517735
0.021809349
-0.025622096
0.02053916
-0.04676314
-0.010667358
-0.043309107
0.037879802
0.013014554
-0.0020549342
0.040335946
0.017004004
-0.012590104
-0.04116274
-0.050843127
0.027570877
-0.034046363
-0.045478415
-0.011254677
-0.013569749
0.00071746035
0.001764672
-0.018300436
0.012370621
-0.025107866
-0.0021067334
0.04942867
-0.020930203
0.025760308
-0.053597357
-0.025722355
-0.03563019
0.009216131
0.020999616
0.005416745
-0.005792344
-0.037469074
-0.04082469
-0.019793749
-0.0042976188
0.0029337846
0.0021383774
-0.020932287
0.034222547
-0.014487296
-0.021209644
-0.008435281
0.00474124
0.00630038
0.007856348
0.020741532
-0.041168712
-0.013713728
-0.029579854
-0.042000335
0.011482549
0.0036900018
0.015844882
-0.0042139194
-0.013222809
0.03306497
-0.02594718
0.027973104
-0.032428537
0.0153568145
-0.046632737
0.0035057443
0.024184808
0.027860908
-0.019917162
0.021049421
-0.00034206305
-0.0096099805
0.03131146
0.01204321
0.0017397415
0.02289734
0.0027696858
0.036980312
0.033323348
-0.034027856
-0.021002248
0.015283348
0.019910896
0.031375274
-0.026182346
-0.022181205
-0.005034764
-0.021097379
-0.023266412
-0.03260024
-0.003105255
0.06526452
-0.017486064
-0.039792135
-0.024288634
0.013274738
0.024247741
0.011588536
-0.047327746
-0.02251597
0.008850559
0.035285026
-0.02731356
-0.026521625
0.027364556
0.033929635
-0.030547384
0.029735593
0.040187147
0.029741043
0.04704783
0.02672071
0.0068595475
0.0131403655
-0.027979923
0.018463623
0.026806887
-0.009165027
0.011419008
-0.048152428
-0.03775681
0.002718743
0.021675091
-0.014426384
0.027875813
-0.0024141897
-0.043158457
-0.031793546
0.0019079976
-0.0021242897
-0.0029368917
0.017102977
-0.019402236
0.018259667
0.020917378
-0.0041748593
0.0054528187
0.020115344
0.06395813
-0.018820288
-0.0055030687
0.021172898
0.028174486
-0.010998469
-0.01687481
0.030351674
-0.020834077
0.01713605
-0.03332817
0.024804024
-0.04880916
-0.047649004
0.0017367646
-0.009125295
0.0144334
-0.05204784
0.01591482
-0.004846808
0.016499892
0.05860557
0.023865176
0.0076421746
0.010233164
0.011268195
0.017138125
0.0044905543
-0.026804307
-0.0053387564
-0.021414842
-0.00025726017
-0.02248224
0.031465355
0.02288609
-0.0043982896
0.030417232
-0.019014673
0.027260363
-0.009447314
0.01377432
-0.006891193
-0.010256859
0.04869686
0.008761705
-0.034317173
-0.01415392
-0.010679854
0.028243506
-0.007879168
0.031476185
-0.0074024214
-0.016882874
0.005269671
-0.004521028
-0.0034526694
-0.013832875
-0.0013514993
0.024412738
0.0051918766
-0.04218065
0.0061804983
0.028293502
0.01435508
-0.013710242
-0.007744496
0.043822046
-0.0057347147
-0.031948972
0.030022236
0.033524416
-0.025660582
-0.009692165
-0.027249532
-0.050860435
0.010515094
-0.02474981
0.051087376
0.0068648164
0.019350737
0.014372382
0.002955774
-0.0009067901
0.0027732241
-0.028513908
0.015692582
0.0136758
0.0029262276
0.005540751
-0.011182768
-0.024898227
-0.011300015
-0.015771057
0.0031785087
-0.011511803
-0.018926345
0.030898618
-0.020941695
-0.016837379
-0.049955923
0.005354616
-0.017978523
-0.01576401
0.016240193
-0.057964776
0.049064144
0.023732273
0.034626275
-0.024492394
0.0019250867
-0.011282346
-0.01796956
0.0062273
0.024890946
-0.020267926
0.029949775
-0.009288023
-0.030858556
-0.02900037
0.032379482
0.048288055
0.010117528
-0.009031071
-0.008452924
-0.025865778
-0.018821971
0.009663998
0.03950354
-0.026192233
-0.01639535
0.013878644
-0.05233906
0.01122865
-0.024729291
0.008942325
-0.035067387
-0.0202162
-0.00048603077
-0.024340186
0.021993618
0.06046139
0.021923264
0.006229518
0.017826017
0.017355325
-0.06873968
-0.024347024
0.025300376
0.029536271
0.028786791
-0.02723118
-0.015984263
-0.004140638
-0.029501468
0.019706134
-0.022102091
-0.019512739
-0.010954017
-0.00820658
0.015253931
-0.0024780703
-0.0037628908
-0.038609587
0.033195376
0.002041842
0.0146014495
-0.02281879
0.07202453
0.041121595
0.0047140312
-0.014083652
0.021787958
-0.011998162
0.015025727
0.018554281
0.019767743
-0.01685782
-0.018282702
-0.0070349798
-0.06273249
0.0044690273
0.013650789
0.021203237
0.031209163
0.009492654
0.026462203
0.034451917
-0.026628256
-0.022097278
-0.011427394
0.012121747
0.0053012697
-0.013253071
0.02431421
-0.03970211
0.03819448
-0.034747817
