-0.040834513
0.00055778807
0.012361527
-0.013912939
0.025968246
-0.012824811
-0.022199959
-0.015458294
-0.04006711
-0.013953732
0.024662845
0.048706084
0.007389564
0.02198489
0.028887674
0.020972632
-0.0031617254
-0.00077285204
-0.032181703
0.0330636
0.0004789658
0.015197459
-0.030507756
0.004634921
0.017072892
0.042237375
-0.01621275
-0.011976046
0.01241487
-0.008029945
-0.035253115
0.01401767
0.008476792
-0.016507614
0.011839599
0.04066999
-0.007939834
-0.012508018
-0.0130838305
0.019269666
0.014136687
0.0034904354
-0.0048688664
-0.021508733
-0.014423317
0.027906435
0.013570491
-0.0021961762
-0.008318126
-0.0052057817
0.027252803
0.0025552893
-0.0038311023
0.015251573
0.004890534
-0.0027135331
0.008645865
-0.015462666
-0.015010445
-0.0029971008
0.031631183
-0.027985865
0.000114923045
0.0038316352
0.00015664923
0.013560443
-0.0075665675
0.033597473
-0.01845539
-0.0137084965
-0.021824313
0.014248771
0.025777258
0.015699022
-0.035797175
-0.00822602
0.024593676
0.02449982
-0.0016381096
-0.026309393
0.004736756
0.0010877697
-0.010087609
0.007469693
0.012031261
-0.030267043
0.0050735106
-0.0136352
-0.009521184
0.0011714309
0.025214294
0.006134048
0.027013082
0.008773322
0.009386666
0.0062891245
0.011628202
-0.0030149622
0.016137866
-0.00022755723
-0.020453298
-0.00154774
0.013016579
-0.020810746
0.033266347
0.016319474
-0.010571268
-0.0071699014
0.02576683
0.0141921565
-0.0011377926
0.0027472915
-0.009259713
-0.008501443
-0.0021454017
-0.048370726
-0.019032922
0.0038522806
0.048053525
0.04195858
0.0002094538
0.0087158475
0.00013214072
-0.014575645
-0.006427538
-0.026971694
0.007361272
-0.019877486
0.040809322
-0.013158279
-0.0004664733
0.025115302
0.02323353
0.031019188
0.00057573617
0.016685624
-0.0016195284
0.0035157576
0.0026060203
-0.013722755
-0.052987743
-0.023647545
0.0026975744
-0.013897024
0.009216017
-0.008411534
-0.030969655
0.0147353625
-0.030296741
-0.028777996
-0.05956104
0.01583754
0.0018857815
-0.019421868
-0.014840766
0.018390285
0.012330043
-0.0058660456
0.0066342712
-0.009057374
0.010565751
-0.017175686
0.024829617
0.006856145
-0.0028468822
0.019860689
0.02148008
-0.0074193827
-0.019092986
0.03596293
-0.018783713
0.032807555
-0.0026443354
0.0009001147
-0.020239733
0.004568024
0.0021130857
0.016415542
0.0022114452
0.0048366357
-0.017525615
0.0029347928
0.05878243
-0.0045852675
0.0164628
-0.016623301
-0.017622834
-0.053906064
0.009309484
-0.0030558049
-0.011726573
0.006599365
-0.024506222
0.024363888
0.023202857
-0.017264528
-0.022497633
-0.0144616105
0.023192568
0.02730115
0.019230168
-0.018985324
-0.018997073
0.02291699
0.028222673
0.01192584
0.016129341
0.0038369186
-0.029560575
-0.02729184
-0.011753193
0.0047426694
0.037400104
0.008483105
-0.00552485
-0.027215622
0.0027408123
0.010655544
0.014036917
0.03625705
0.019650076
-0.0045815404
-0.040246554
-0.0026375602
-0.015685646
-0.022752088
-0.014891992
0.045144882
0.05321394
-0.0068766577
-0.014893475
0.005108962
-0.020600993
-0.024334338
0.0027256347
-2.5527146e-05
0.025724202
0.0031089615
-0.013169677
0.008210133
0.015213942
0.013810883
0.021602005
0.01011427
-0.014388268
0.010679886
0.01785039
-0.02055527
0.0029414801
0.029043956
-0.004070192
0.015427666
0.004700174
-0.020949496
0.0065769954
0.034640014
