0.2609123
0.23737153
0.4987628
-1.0866896
0.077342875
0.0011483298
-0.58866304
-0.05026753
0.18607491
-0.7234715
-0.0336426
-0.2156498
0.120554976
0.025642121
-0.044598244
0.20319133
-0.117684856
0.03278236
-0.34120566
-0.6757869
0.17316163
-0.14426371
-0.07737024
0.34200242
-0.34588468
0.24969713
-0.7146131
0.071454175
0.08773557
0.38406947
0.36955538
-0.22376797
-0.010511847
-0.13968731
0.0947938
-0.085599795
-0.04771955
-0.061689124
-0.1629766
0.11671739
0.23801829
0.024390854
0.025129449
0.19606662
0.19553028
0.2504971
-0.5394407
-0.22124818
0.18242814
0.14193064
0.2517247
-0.15156636
0.033066582
-0.02659626
-0.28843576
-0.31844237
-0.27215815
0.30531886
-0.049505048
-0.18803762
-0.21218298
0.27671397
0.16729173
0.10061374
-0.48754895
-0.3857061
-1.5305043
-0.1405321
0.23521362
0.0026880873
-0.06629229
0.2170283
0.06644022
0.19436492
-0.58353907
-0.07370512
-0.108401224
0.0026885748
0.26067612
0.20659848
-0.037396684
0.32208496
0.028538005
-0.48066062
-0.104102075
-0.5927426
-1.9264193
0.2620351
-0.62736374
0.33972004
0.111881346
0.29453284
-0.009018231
0.16735032
-0.06837721
0.23241782
-0.4286896
0.015033509
0.3443033
0.119920105
0.29974875
-0.21482965
0.07028654
-0.055990834
-0.26216957
0.18045765
0.27749658
-0.068733044
0.30979875
-0.4324856
-0.4491508
0.23253055
0.21570978
-0.04745875
0.22507207
-0.021229854
-0.17897253
0.0502313
-0.24411699
0.038752694
0.25019228
0.13668327
0.20377254
0.059294283
-0.0687446
0.09236492
-0.44364396
0.4741023
0.040221997
-0.25085527
-0.19132757
-0.4194163
-0.9568058
-0.100266665
-0.08506321
-0.25597012
0.24254732
-0.16457783
-0.38485092
0.085982054
0.34824353
0.1426421
-0.51375085
0.2042961
-0.28090245
0.3967505
-0.550498
0.22674006
-0.37406588
-0.15988843
0.17261767
-0.20345712
-0.23890701
0.19857319
-0.37370315
-0.020513656
0.24453416
-0.27550715
-0.1125287
0.27487054
0.2614489
-0.18074405
0.12039881
-0.14710249
0.042109948
0.09058893
0.14319648
0.10776969
-0.29283652
0.18197063
-0.24127428
0.40556732
0.19525611
-0.23866633
-0.18916267
0.1845789
0.08621184
-0.5361311
0.29792815
0.2262934
0.10972084
0.03858032
0.32195204
-0.5286192
0.3002458
-1.494953
-0.096809454
0.32606754
-0.46097952
0.13385555
0.08708654
0.26750702
0.26689887
-0.13013056
0.0769182
-0.5588765
0.11739531
-0.22801928
-0.493853
0.18693551
0.0061481507
0.06406802
-0.04551436
0.26555055
-0.11558992
-0.25912482
-0.058126416
-0.31477773
-0.18736407
-0.12787893
-0.44042566
-0.042392857
0.38815284
0.30829784
-0.033989977
0.15614447
0.25592896
-0.4960369
0.32868764
-0.63171315
0.12807232
-0.43300033
0.016498312
-0.5763108
0.039425317
-0.2631564
0.21792786
-0.3171186
0.25372452
0.3317992
-0.146108
-0.088455915
-0.061631154
0.16447645
0.13499157
-0.445784
0.1280773
-0.11090254
0.020530041
-0.016568953
-0.7891784
-0.4868636
-0.03826071
-0.14651127
0.20623031
0.11587111
0.116581485
0.2221687
0.25310588
0.07875652
-0.63079625
-0.05694797
-0.22592261
0.083838075
0.39980456
0.26590663
-0.042653512
0.23222606
-0.61676836
0.0018818879
-0.14736316
-0.32799888
-0.3842532
0.28808913
-0.30630386
0.36392438
-0.49219295
0.38700953
0.010424338
0.26050594
-0.36837408
-1.6821293
-0.52243745
0.3025201
0.2706174
0.46201706
0.27484652
-0.022719504
0.22051819
0.3286623
0.265329
0.21314828
-0.15028988
-0.5624541
-0.39734402
-0.4705737
0.051693104
0.33124042
0.19941184
-2.4096856
-0.47795475
0.30154926
0.22733317
-0.06589963
0.11738006
-0.36883137
-0.25654697
0.25842687
0.026378185
0.06230704
-0.2586894
0.135807
-0.046183344
-1.1168568
0.28172782
-0.09231877
-0.1053401
0.2574235
0.16928814
0.20172922
0.21158263
0.1637514
0.03256946
0.15200663
0.013986802
-0.07874191
0.36584765
-0.41962555
-0.23019856
0.2025367
-0.33598092
0.052977417
-0.50865895
0.14780408
0.27555186
-0.22913146
0.29316846
-0.23644339
-0.07065542
-0.20840096
-2.076766
0.029552398
-0.029121688
-0.06439431
-0.7350229
-0.13722461
-0.77710116
0.15151991
-2.6958911
0.105101004
0.19090879
-2.2664776
-0.27753615
0.1799861
0.3412312
-1.5187571
-2.5463443
-0.015440291
-0.46571136
0.3333172
0.21107763
0.3253168
0.23109162
0.28253436
-0.3586305
0.14368299
0.49690533
-0.32828704
0.17933239
0.2674032
-0.4267478
-0.30022094
-0.634939
0.14744677
-0.08053267
-0.121924676
-0.61827904
0.41141987
-0.08063597
-0.52740586
0.057298906
0.28314355
0.013047433
0.018855035
-0.814986
0.23598783
-0.004055573
0.103725955
0.22930607
0.20682098
-0.42273673
0.37049404
-0.042135254
0.1606895
-1.0749272
-0.04678795
0.32092974
0.11231963
0.16368024
0.24273731
-0.5128136
0.16589117
0.23424415
-0.46938056
-0.05192881
-0.32449636
0.09418969
0.33487082
0.20647314
0.0954824
-0.002650635
0.28538546
0.097453296
0.292
-0.2880742
-0.3797437
-0.27181363
0.045708742
-0.045685533
0.24242707
0.30470935
-0.1250549
0.039066788
-0.041120585
0.2222431
0.5137982
0.3945819
-0.30030495
-0.10020547
0.26009944
-0.29693532
0.16710182
-2.657164
0.27242798
0.09617332
0.23145193
0.23858117
0.30201438
0.22694245
-0.1402643
-0.77572995
-0.36531946
0.12508972
-0.12782276
0.42620534
-0.2768639
-0.39850643
0.0077552903
-0.33451018
0.16868258
0.2980266
0.04021919
0.1253675
-3.256321
0.3590097
-0.077809095
-0.34456274
0.25615782
-0.07104152
0.09598104
-0.8716189
-0.06761682
-0.22343111
0.25883275
0.28394917
0.26673347
0.2400705
-0.0033618754
0.08359738
0.2654778
0.080802985
0.068092726
0.38623685
-1.9183635
-0.6619257
0.18508284
-0.5223349
-0.3088983
0.19208045
-0.3188124
0.34224442
-0.03364683
0.23168975
-0.2737614
0.31590137
-0.4480251
-0.2496395
0.1537938
-0.04919508
0.24051452
0.18567836
-0.110186435
-0.5719124
-0.016735232
-0.10646114
0.09118498
0.14844383
-0.0410772
0.05947781
0.19820043
-0.7383246
0.16521676
-0.53414154
0.3637376
-0.087995976
0.32727197
-0.12709284
0.12715039
-2.956172
-0.58133477
-0.098113716
0.28231716
-0.2576364
0.28947616
0.028179023
0.32216772
-1.0363747
-0.17995875
0.10822537
0.2167149
-0.17816797
-0.38204697
