-0.050607316
0.21252197
0.16287777
-0.12457919
0.22220252
0.2136522
-0.037352506
-0.08387209
-0.20511855
0.0002027961
0.13473216
-0.08429419
-0.21672839
0.17466563
-0.29608193
-0.18210147
0.24651916
0.23050845
0.12849441
-0.20772253
0.2775292
0.046375446
0.2598903
0.14070235
0.19238341
0.02040094
-0.17272305
0.24556917
-0.3099062
-0.09530555
0.22178058
-0.11690798
-0.09378172
0.28368032
-0.054485828
-0.055815905
0.19815536
0.27006057
0.1715929
-0.078929596
-0.11615347
-0.026612932
-0.18976079
0.18575636
-0.2959268
-0.057022054
-0.12207004
-0.18228485
-0.11822306
0.1568913
-0.1975568
-0.0338725
-0.3250164
-0.29254586
0.19010402
0.2827467
-0.08525079
0.1809816
0.28093296
0.22638065
-0.060486596
-0.15376975
0.16107175
-0.1495744
0.21554132
0.22535181
0.26948318
0.23353994
-0.07790116
0.28003943
0.20197517
-0.20442356
-0.1035697
0.080478184
0.000738063
0.24622278
0.16737866
-0.08695312
-0.16519052
0.21513116
0.18247665
-0.0055498034
0.2890115
0.12079362
-0.10189874
-0.1121722
-0.10983096
0.26658404
-0.026984964
0.17937392
-0.18633242
0.1600331
0.2520138
-0.02842086
-0.016306661
0.27947095
-0.26551986
0.18952689
-0.1886195
0.27244896
0.25885257
-0.023318654
-0.26541516
-0.16123942
-0.11652238
0.30011338
-0.09684334
0.1105601
0.20926055
0.20757948
-0.15991493
-0.3474657
0.24485207
-0.10352495
0.20456363
-0.23899749
-0.14565437
-0.040042922
-0.07935602
-0.09809271
-0.1810994
0.19671114
-0.16025601
-0.26622754
0.2509041
0.26206553
-0.09123271
0.15755686
0.152387
-0.091726065
-0.21591389
-0.13414997
0.24781562
-0.29090735
0.24159473
-0.17924514
-0.19409941
0.15653303
-0.0647766
0.16485065
0.27374583
0.2245466
-0.09672653
0.19491148
0.12220262
-0.06668563
0.2517137
-0.087954246
-0.31736603
0.17606513
-0.12592185
-0.17994076
0.19563195
0.20427024
0.0019549325
-0.1262637
-0.045197904
-0.067680515
-0.15247218
0.20253752
0.23766305
-0.07329317
0.14949028
0.13882038
0.22037898
-0.14375037
0.22209167
0.22069097
0.2211986
0.26896462
-0.16746813
0.111779295
-0.088379785
0.21164714
0.20155779
-0.06293776
-0.15063843
0.1457569
-0.29781348
-0.32517323
0.20958404
-0.08872737
0.15220682
-0.10702987
0.24784893
-0.13848555
0.2630099
-0.26212534
-0.08969767
0.22915645
0.2875734
-0.116401374
-0.26678118
0.18322532
0.23659697
0.21146755
0.22696899
-0.093308836
-0.08169102
-0.3158283
-0.023893556
0.30368167
0.22712472
-0.16289027
0.20708236
0.18079777
-0.06548474
-0.21561028
-0.13958918
-0.03860596
0.15552999
-0.041634705
-0.020550657
0.21250708
-0.15818113
-0.1466808
0.26785186
-0.10375086
-0.25182655
-0.30225554
-0.12986253
-0.047856726
-0.31885386
0.21992332
0.21710856
-0.14450316
0.17074445
-0.017547373
0.18631533
0.17193595
-0.05325932
-0.21104534
-0.030970315
0.18350926
-0.3522419
0.19472718
0.17333834
-0.08245942
0.20925085
-0.13430619
0.18900013
-0.20278628
-0.08143451
0.19819157
-0.27589148
0.19551794
-0.052063003
0.15363497
0.22619607
-0.25445575
0.301797
0.27563643
-0.020768475
-0.11160496
-0.1438381
-0.19190808
-0.04950873
-0.1154695
0.104562946
0.11867579
-0.04705043
-0.103086814
-0.13827202
0.2750848
-0.12121988
-0.13861795
0.24942839
0.24253556
-0.18496378
0.24368683
-0.15816617
-0.078358024
-0.30843034
0.2485647
-0.014093902
0.25591213
0.24820021
0.22235836
0.21819666
0.27977115
-0.053368334
0.15677926
-0.13176179
-0.08268058
-0.3360101
-0.2865822
0.1949869
0.21692759
0.26397893
0.22597009
-0.094637536
-0.26744473
0.18244745
0.20730136
0.23584062
0.2524875
0.22495511
-0.11086408
-0.059295908
0.24621402
0.21490815
0.24983488
-0.15690719
-0.15902843
-0.22404134
-0.01574729
0.21799463
-0.002827261
0.23423816
0.16723992
-0.06517634
-0.046246234
0.16219354
-0.187219
-0.15921342
-0.15081093
-0.21709968
-0.18945816
0.22648911
0.0433843
0.14571118
0.2064147
-0.0016489234
-0.23029214
0.2693396
-0.050751485
0.21969043
-0.10565564
-0.33153448
0.12471541
-0.041023377
-0.04333858
-0.00059022545
0.20146413
0.23213314
0.26575372
-0.18481281
-0.10765308
0.12629084
0.17061643
0.21453476
-0.05668022
-0.0923368
-0.009685222
0.1448658
-0.22718374
0.15945005
0.25385925
0.25667843
0.24907382
-0.09078359
0.037299577
0.23777841
0.24653605
-0.13045536
0.116461515
-0.21150279
-0.115241714
0.26564044
0.02200522
0.13774662
0.15277338
0.17570095
0.27922082
0.19855116
-0.13738628
-0.04327008
0.17489585
0.0004749748
0.17215584
0.1822977
0.26520008
0.15334499
-0.34717315
-0.21347266
0.23820776
0.2205922
-0.26396424
-0.24062353
-0.0931671
-0.18313843
-0.09150143
-0.15662955
-0.11071415
0.06339613
-0.19838192
0.0029610335
0.09143827
-0.10489616
-0.21858
-0.26978984
-0.25717625
0.07292573
0.284851
-0.1372757
0.20806721
-0.21544635
-0.08215002
-0.16176401
0.2561808
-0.21238118
-0.11333058
-0.30664372
0.22415729
0.24193668
-0.11882771
0.20293579
0.25793353
-0.17340831
-0.15009816
-0.25476825
0.23396774
0.2310699
0.25021937
-0.07672309
0.25718552
-0.25604746
-0.15660878
0.12075407
-0.15891284
-0.23382223
-0.13500412
-0.18825184
-0.00014372534
-0.14763007
0.22127247
0.28870142
-0.23387769
0.19162254
0.004105192
0.19137113
-0.18580467
0.20833646
0.14157605
0.2318903
0.25513563
0.28926384
0.244066
0.23648015
-0.09045917
-0.043839876
-0.23855592
0.23464817
0.018272327
-0.11289176
0.22487548
-0.16720462
-0.0275302
-0.24182402
-0.12695277
0.23960531
-0.08449599
-0.1385381
0.24771751
-0.17190352
0.030693552
0.014734204
-0.1835659
0.30238426
-0.15892555
-0.06529955
0.19676608
-0.13539177
-0.024683112
-0.14070138
-0.12028279
-0.091608666
-0.10166953
0.20040971
0.29429942
0.20385209
0.24726054
0.20498417
0.1959159
-0.07305441
0.25801024
0.17185204
0.1326888
-0.113145076
-0.030030342
-0.29993635
-0.10857742
0.2884046
0.21186234
-0.07574541
0.13264336
0.29495975
0.1962516
-0.06462586
-0.08798072
0.19134472
0.2799829
-0.24843547
0.115429744
0.23338611
0.20371462
-0.28909823
-0.28832626
0.22559339
-0.025084192
0.20981959
-0.057394
-0.14840715
-0.2726257
0.21188499
-0.12728727
-0.17313063
0.2619175
0.2517246
0.28101167
0.18487775
0.18605469
